EXPERIMENT 1A


Exp 1A Expected Value after 1000 spins: 80.0
Exp 1A Median Value after 1000 spins: 80.0

EXPERIMENT 1B

Results after 1000 spins:
[80. 80. 80. 80. 80. 80. 80. 80. 80. 80. 80. 80. 80. 80. 80. 80. 80. 80.
 80. 80. 80. 80. 80. 80. 80. 80. 80. 80. 80. 80. 80. 80. 80. 80. 80. 80.
 80. 80. 80. 80. 80. 80. 80. 80. 80. 80. 80. 80. 80. 80. 80. 80. 80. 80.
 80. 80. 80. 80. 80. 80. 80. 80. 80. 80. 80. 80. 80. 80. 80. 80. 80. 80.
 80. 80. 80. 80. 80. 80. 80. 80. 80. 80. 80. 80. 80. 80. 80. 80. 80. 80.
 80. 80. 80. 80. 80. 80. 80. 80. 80. 80. 80. 80. 80. 80. 80. 80. 80. 80.
 80. 80. 80. 80. 80. 80. 80. 80. 80. 80. 80. 80. 80. 80. 80. 80. 80. 80.
 80. 80. 80. 80. 80. 80. 80. 80. 80. 80. 80. 80. 80. 80. 80. 80. 80. 80.
 80. 80. 80. 80. 80. 80. 80. 80. 80. 80. 80. 80. 80. 80. 80. 80. 80. 80.
 80. 80. 80. 80. 80. 80. 80. 80. 80. 80. 80. 80. 80. 80. 80. 80. 80. 80.
 80. 80. 80. 80. 80. 80. 80. 80. 80. 80. 80. 80. 80. 80. 80. 80. 80. 80.
 80. 80. 80. 80. 80. 80. 80. 80. 80. 80. 80. 80. 80. 80. 80. 80. 80. 80.
 80. 80. 80. 80. 80. 80. 80. 80. 80. 80. 80. 80. 80. 80. 80. 80. 80. 80.
 80. 80. 80. 80. 80. 80. 80. 80. 80. 80. 80. 80. 80. 80. 80. 80. 80. 80.
 80. 80. 80. 80. 80. 80. 80. 80. 80. 80. 80. 80. 80. 80. 80. 80. 80. 80.
 80. 80. 80. 80. 80. 80. 80. 80. 80. 80. 80. 80. 80. 80. 80. 80. 80. 80.
 80. 80. 80. 80. 80. 80. 80. 80. 80. 80. 80. 80. 80. 80. 80. 80. 80. 80.
 80. 80. 80. 80. 80. 80. 80. 80. 80. 80. 80. 80. 80. 80. 80. 80. 80. 80.
 80. 80. 80. 80. 80. 80. 80. 80. 80. 80. 80. 80. 80. 80. 80. 80. 80. 80.
 80. 80. 80. 80. 80. 80. 80. 80. 80. 80. 80. 80. 80. 80. 80. 80. 80. 80.
 80. 80. 80. 80. 80. 80. 80. 80. 80. 80. 80. 80. 80. 80. 80. 80. 80. 80.
 80. 80. 80. 80. 80. 80. 80. 80. 80. 80. 80. 80. 80. 80. 80. 80. 80. 80.
 80. 80. 80. 80. 80. 80. 80. 80. 80. 80. 80. 80. 80. 80. 80. 80. 80. 80.
 80. 80. 80. 80. 80. 80. 80. 80. 80. 80. 80. 80. 80. 80. 80. 80. 80. 80.
 80. 80. 80. 80. 80. 80. 80. 80. 80. 80. 80. 80. 80. 80. 80. 80. 80. 80.
 80. 80. 80. 80. 80. 80. 80. 80. 80. 80. 80. 80. 80. 80. 80. 80. 80. 80.
 80. 80. 80. 80. 80. 80. 80. 80. 80. 80. 80. 80. 80. 80. 80. 80. 80. 80.
 80. 80. 80. 80. 80. 80. 80. 80. 80. 80. 80. 80. 80. 80. 80. 80. 80. 80.
 80. 80. 80. 80. 80. 80. 80. 80. 80. 80. 80. 80. 80. 80. 80. 80. 80. 80.
 80. 80. 80. 80. 80. 80. 80. 80. 80. 80. 80. 80. 80. 80. 80. 80. 80. 80.
 80. 80. 80. 80. 80. 80. 80. 80. 80. 80. 80. 80. 80. 80. 80. 80. 80. 80.
 80. 80. 80. 80. 80. 80. 80. 80. 80. 80. 80. 80. 80. 80. 80. 80. 80. 80.
 80. 80. 80. 80. 80. 80. 80. 80. 80. 80. 80. 80. 80. 80. 80. 80. 80. 80.
 80. 80. 80. 80. 80. 80. 80. 80. 80. 80. 80. 80. 80. 80. 80. 80. 80. 80.
 80. 80. 80. 80. 80. 80. 80. 80. 80. 80. 80. 80. 80. 80. 80. 80. 80. 80.
 80. 80. 80. 80. 80. 80. 80. 80. 80. 80. 80. 80. 80. 80. 80. 80. 80. 80.
 80. 80. 80. 80. 80. 80. 80. 80. 80. 80. 80. 80. 80. 80. 80. 80. 80. 80.
 80. 80. 80. 80. 80. 80. 80. 80. 80. 80. 80. 80. 80. 80. 80. 80. 80. 80.
 80. 80. 80. 80. 80. 80. 80. 80. 80. 80. 80. 80. 80. 80. 80. 80. 80. 80.
 80. 80. 80. 80. 80. 80. 80. 80. 80. 80. 80. 80. 80. 80. 80. 80. 80. 80.
 80. 80. 80. 80. 80. 80. 80. 80. 80. 80. 80. 80. 80. 80. 80. 80. 80. 80.
 80. 80. 80. 80. 80. 80. 80. 80. 80. 80. 80. 80. 80. 80. 80. 80. 80. 80.
 80. 80. 80. 80. 80. 80. 80. 80. 80. 80. 80. 80. 80. 80. 80. 80. 80. 80.
 80. 80. 80. 80. 80. 80. 80. 80. 80. 80. 80. 80. 80. 80. 80. 80. 80. 80.
 80. 80. 80. 80. 80. 80. 80. 80. 80. 80. 80. 80. 80. 80. 80. 80. 80. 80.
 80. 80. 80. 80. 80. 80. 80. 80. 80. 80. 80. 80. 80. 80. 80. 80. 80. 80.
 80. 80. 80. 80. 80. 80. 80. 80. 80. 80. 80. 80. 80. 80. 80. 80. 80. 80.
 80. 80. 80. 80. 80. 80. 80. 80. 80. 80. 80. 80. 80. 80. 80. 80. 80. 80.
 80. 80. 80. 80. 80. 80. 80. 80. 80. 80. 80. 80. 80. 80. 80. 80. 80. 80.
 80. 80. 80. 80. 80. 80. 80. 80. 80. 80. 80. 80. 80. 80. 80. 80. 80. 80.
 80. 80. 80. 80. 80. 80. 80. 80. 80. 80. 80. 80. 80. 80. 80. 80. 80. 80.
 80. 80. 80. 80. 80. 80. 80. 80. 80. 80. 80. 80. 80. 80. 80. 80. 80. 80.
 80. 80. 80. 80. 80. 80. 80. 80. 80. 80. 80. 80. 80. 80. 80. 80. 80. 80.
 80. 80. 80. 80. 80. 80. 80. 80. 80. 80. 80. 80. 80. 80. 80. 80. 80. 80.
 80. 80. 80. 80. 80. 80. 80. 80. 80. 80. 80. 80. 80. 80. 80. 80. 80. 80.
 80. 80. 80. 80. 80. 80. 80. 80. 80. 80.]

Distinct Results after 1000 spins:
(array([80.]), array([1000]))

Exp 1B Expected Value after 1000 spins:
80.0

Exp 1B Median Value after 1000 spins:
80.0

EXPERIMENT 2

Results after 1000 spins:
[-256.   80. -256.   80. -256.   80. -256. -256.   80.   80.   80.   80.
   80. -256.   80.   80.   80. -256.   80.   80. -256.   80.   80.   80.
   80.   80.   80. -256.   80.   80.   80.   80.   80. -256. -256. -256.
   80.   80.   80.   80.   80.   80. -256.   80.   80.   80.   80.   80.
 -256.   80. -256. -256.   80.   80.   80.   80. -256.   80.   80.   80.
 -256. -256.   80.   80. -256. -256. -256.   80.   80. -256. -256.   80.
   80.   80.   80. -256. -256. -256.   80.   80.   80.   80.   80.   80.
   80.   80. -256. -256.   80.   80.   80.   80.   80.   80.   80. -256.
   80. -256.   80.   80. -256.   80.   80. -256.   80.   80.   80.   80.
   80.   80.   80.   80.   80. -256.   80. -256.   80. -256. -256.   80.
   80. -256.   80. -256.   80.   80.   80. -256. -256.   80.   80. -256.
   80.   80.   80.   80.   80.   80.   80.   80.   80.   80.   80. -256.
 -256.   80.   80. -256.   80.   80.   80.   80.   80. -256. -256. -256.
   80.   80.   80.   80.   80. -256. -256.   80.   80.   80. -256. -256.
   80. -256.   80.   80. -256.   80. -256. -256. -256. -256. -256. -256.
   80. -256. -256. -256.   80.   80. -256.   80. -256. -256.   80.   80.
 -256.   80.   80.   80. -256. -256. -256.   80.   80. -256.   80.   80.
   80.   80. -256.   80. -256.   80.   80.   80.   80.   80. -256.   80.
   80.   80.   80.   80. -256.   80. -256. -256.   80. -256.   80. -256.
   80.   80. -256. -256.   80.   80. -256.   80.   80.   80.   80.   80.
   80.   80.   80. -256. -256.   80. -256.   80. -256. -256. -256. -256.
   80.   80.   80.   80. -256. -256.   80.   80. -256.   80.   80.   80.
 -256.   80.   80. -256. -256. -256.   80.   80.   80. -256.   80. -256.
   80. -256. -256.   80.   80.   80.   80.   80.   80. -256. -256.   80.
   80.   80. -256. -256. -256.   80.   80.   80.   80. -256. -256.   80.
 -256.   80.   80.   80.   80.   80. -256.   80.   80.   80.   80.   80.
 -256.   80. -256. -256.   80.   80.   80.   80. -256. -256.   80. -256.
   80.   80. -256.   80. -256.   80. -256. -256. -256.   80. -256.   80.
   80. -256.   80. -256. -256.   80. -256.   80. -256. -256.   80.   80.
 -256.   80.   80.   80.   80.   80. -256.   80.   80.   80.   80. -256.
   80.   80.   80.   80.   80. -256. -256. -256.   80. -256.   80.   80.
 -256.   80.   80.   80.   80.   80. -256. -256.   80.   80.   80.   80.
   80.   80.   80. -256. -256. -256.   80.   80. -256. -256.   80.   80.
   80. -256.   80.   80. -256.   80. -256.   80.   80. -256.   80.   80.
 -256.   80.   80.   80. -256. -256.   80.   80.   80.   80. -256.   80.
   80.   80. -256.   80.   80. -256. -256. -256. -256. -256.   80.   80.
   80.   80.   80.   80.   80.   80. -256.   80. -256.   80.   80. -256.
 -256.   80. -256. -256.   80.   80.   80.   80.   80. -256.   80. -256.
   80.   80.   80. -256. -256.   80.   80.   80.   80.   80.   80. -256.
   80.   80.   80.   80. -256. -256. -256.   80.   80.   80. -256.   80.
   80.   80.   80.   80. -256.   80. -256. -256.   80.   80.   80.   80.
   80. -256.   80.   80.   80. -256.   80.   80.   80.   80.   80. -256.
   80.   80.   80.   80.   80.   80. -256. -256.   80. -256.   80. -256.
   80.   80.   80.   80.   80.   80. -256. -256.   80.   80.   80.   80.
 -256.   80. -256. -256.   80.   80.   80.   80.   80.   80.   80.   80.
 -256. -256.   80.   80.   80.   80.   80.   80.   80. -256.   80. -256.
 -256.   80.   80.   80.   80.   80.   80.   80.   80.   80.   80. -256.
   80.   80.   80. -256.   80. -256.   80.   80.   80. -256. -256. -256.
   80.   80. -256.   80. -256.   80.   80. -256. -256. -256.   80.   80.
   80. -256.   80.   80. -256.   80. -256.   80. -256. -256.   80. -256.
   80. -256. -256. -256. -256. -256.   80.   80. -256. -256.   80. -256.
   80.   80.   80.   80.   80.   80. -256. -256.   80.   80. -256.   80.
   80. -256.   80.   80.   80. -256.   80. -256.   80.   80.   80.   80.
 -256.   80.   80.   80. -256.   80.   80.   80.   80.   80. -256.   80.
 -256.   80.   80.   80.   80.   80. -256. -256.   80. -256.   80.   80.
   80.   80.   80. -256. -256.   80.   80.   80. -256.   80.   80.   80.
   80.   80. -256.   80.   80.   80. -256.   80.   80.   80.   80.   80.
 -256.   80.   80.   80.   80. -256. -256. -256. -256. -256.   80. -256.
 -256.   80.   80.   80.   80.   80.   80. -256.   80.   80.   80.   80.
   80.   80.   80. -256.   80. -256.   80. -256.   80.   80.   80.   80.
   80.   80. -256.   80. -256.   80.   80.   80. -256. -256.   80. -256.
 -256.   80.   80.   80.   80.   80. -256.   80.   80.   80. -256.   80.
 -256. -256. -256.   80. -256. -256. -256. -256.   80.   80.   80.   80.
 -256. -256. -256. -256.   80.   80.   80. -256. -256.   80.   80.   80.
   80. -256.   80.   80.   80. -256.   80. -256.   80.   80.   80. -256.
 -256.   80.   80. -256. -256.   80.   80.   80.   80.   80.   80. -256.
   80.   80.   80.   80.   80.   80. -256. -256. -256.   80.   80.   80.
 -256.   80. -256. -256.   80.   80.   80. -256. -256. -256. -256.   80.
   80.   80.   80. -256.   80. -256.   80.   80.   80.   80.   80.   80.
 -256.   80.   80.   80.   80.   80.   80. -256.   80.   80.   80.   80.
 -256.   80.   80.   80.   80.   80.   80.   80.   80.   80.   80. -256.
   80.   80.   80. -256. -256. -256. -256. -256.   80.   80.   80.   80.
   80. -256.   80.   80.   80.   80. -256. -256. -256.   80.   80. -256.
 -256.   80.   80.   80.   80. -256.   80.   80.   80. -256.   80.   80.
 -256. -256. -256. -256. -256.   80. -256.   80.   80.   80.   80. -256.
 -256.   80.   80. -256.   80. -256.   80.   80.   80.   80.   80.   80.
 -256. -256. -256.   80.   80.   80.   80. -256.   80.   80.   80.   80.
 -256. -256.   80. -256.   80. -256. -256.   80.   80. -256.   80.   80.
   80.   80.   80.   80.   80.   80.   80.   80. -256. -256. -256.   80.
   80. -256.   80. -256.   80.   80.   80. -256. -256.   80.   80. -256.
   80.   80. -256.   80. -256.   80. -256.   80.   80. -256. -256.   80.
   80. -256. -256.   80.   80.   80. -256. -256.   80.   80. -256.   80.
 -256.   80. -256. -256.   80. -256.   80.   80.   80. -256.   80.   80.
   80. -256.   80. -256.]

Distinct Results after 1000 spins:
(array([-256.,   80.]), array([349, 651]))

Experiment 2 Expected Value after 1000 spins:
-37.264

Experiment 2 Median Value after 1000 spins:
80.0